56 41 20
56 41 20
57 41 20
58 42 20
59 43 20
61 43 21
62 43 21
63 43 21
64 44 22
64 44 21
65 44 21
66 44 22
67 44 22
68 45 22
69 45 22
69 45 22
69 45 22
69 46 22
70 45 22
70 45 22
70 45 22
71 46 22
70 46 22
70 46 23
70 46 23
70 47 23
70 47 23
69 46 23
69 46 22
68 46 22
68 46 22
66 44 22
65 44 22
65 44 22
64 44 22
63 44 21
62 43 21
61 43 21
60 43 20
58 41 20
56 41 20
56 40 20
57 41 20
58 41 20
59 42 20
60 43 21
61 43 21
62 43 21
63 43 21
64 43 21
65 44 21
66 44 21
66 44 22
67 45 22
68 45 22
69 45 22
69 45 22
69 45 22
69 45 22
70 45 22
70 46 22
70 46 22
70 45 22
69 45 22
69 45 22
69 45 22
69 45 22
69 44 22
68 44 22
67 44 22
66 44 22
65 44 21
64 43 21
63 43 21
63 42 21
62 42 21
60 42 21
59 42 20
58 41 20
56 41 19
55 39 19
54 39 19
55 40 19
57 40 19
58 41 19
59 41 20
60 41 20
61 42 20
62 42 20
62 41 20
63 42 20
63 42 20
63 41 20
63 41 19
64 41 19
64 41 19
66 43 21
68 43 21
69 43 21
69 43 21
69 44 21
68 43 21
68 43 21
68 43 21
67 42 21
67 42 21
67 43 21
66 42 21
66 43 21
65 42 21
65 42 21
64 42 20
63 42 20
62 42 20
62 42 20
61 41 20
60 41 20
59 41 20
58 41 19
55 40 19
54 39 19
54 39 19
54 39 19
55 40 19
56 40 19
57 41 20
60 41 20
61 41 20
62 41 20
62 42 20
63 42 20
64 42 20
64 42 20
66 42 20
66 42 21
67 42 21
66 42 20
67 42 20
66 41 20
67 41 20
66 41 20
66 40 19
66 40 19
66 40 20
66 40 19
65 40 19
65 41 20
64 40 19
62 38 19
62 38 18
63 39 19
60 38 18
60 38 18
60 38 18
60 38 18
58 37 18
57 37 18
56 37 18
55 37 18
53 37 18
52 37 18
52 37 17
52 37 18
53 37 18
55 37 18
56 37 18
57 38 18
58 38 18
59 38 18
60 38 18
61 38 18
61 38 18
62 38 18
62 38 18
63 38 18
63 38 18
63 38 18
64 38 18
64 37 18
64 37 18
64 37 18
64 37 18
64 37 18
63 37 18
63 37 18
63 37 18
63 37 18
63 38 19
64 40 19
63 40 19
63 40 20
62 40 20
61 40 20
61 40 19
60 40 19
59 40 19
58 39 19
57 39 19
54 38 18
53 38 18
52 37 17
51 37 17
52 38 17
52 38 18
53 38 18
56 38 18
57 39 18
58 39 19
59 39 19
60 39 19
60 39 19
61 39 19
62 39 19
62 39 19
62 39 19
63 38 18
63 38 18
63 38 18
63 38 18
63 39 19
63 39 19
63 38 18
63 38 18
63 38 18
63 38 18
63 38 18
62 38 18
62 38 18
62 38 18
61 38 18
61 38 19
60 38 18
60 39 18
60 39 19
58 39 18
57 39 18
56 38 18
55 38 18
54 38 18
52 37 17
51 36 17
51 36 17
51 36 17
52 36 17
53 37 17
54 37 18
55 38 18
56 38 18
58 38 18
59 38 18
60 38 18
60 38 18
61 38 18
61 38 18
61 38 18
62 38 18
62 38 18
62 37 18
63 37 18
63 37 18
62 36 18
62 36 17
62 36 17
62 36 17
61 36 17
60 35 16
61 35 17
61 37 18
61 37 18
61 37 18
60 37 18
59 37 18
58 37 18
58 38 18
57 37 18
56 37 18
55 37 17
57 40 19
57 39 19
55 39 18
54 38 18
53 38 17
54 39 18
54 38 18
55 38 18
56 39 18
57 39 18
59 39 18
60 39 19
60 39 19
61 40 19
62 39 19
62 39 19
63 39 19
63 39 19
64 39 19
64 40 19
64 40 19
65 40 19
65 40 19
63 39 18
62 36 18
62 37 18
62 37 18
61 37 18
61 37 18
61 36 17
60 37 17
60 37 17
60 37 17
59 37 17
58 37 17
57 36 17
56 36 17
56 36 17
55 36 17
54 36 17
52 35 17
51 35 16
50 35 16
49 35 16
49 34 16
49 35 16
50 35 16
51 35 16
52 35 16
53 35 16
54 35 17
55 35 17
56 36 17
56 36 17
57 36 17
58 36 17
59 36 17
59 36 17
60 36 17
60 36 17
60 36 17
60 35 17
60 35 17
61 36 17
60 35 17
60 35 17
60 36 17
58 34 16
58 34 16
59 36 17
59 36 17
59 36 17
58 36 17
58 36 17
57 35 17
56 35 17
55 35 16
54 35 16
53 35 16
52 35 16
51 35 16
51 34 16
50 34 16
48 33 15
47 33 15
48 33 15
49 33 15
50 33 16
51 34 16
51 34 16
52 34 16
54 34 16
54 34 16
55 34 16
56 34 16
56 34 16
56 34 16
57 34 16
57 34 16
57 33 16
57 33 15
57 33 15
57 32 15
57 33 15
58 34 16
58 34 16
58 34 16
57 33 16
57 33 16
57 33 16
57 34 16
57 34 16
57 34 16
55 34 16
55 34 16
54 34 16
53 34 16
52 34 15
52 33 15
51 33 15
50 33 15
49 33 15
48 33 15